Accuracy: 1.00000
F1: 1.00000
Precision: 1.00000
Recall: 1.00000
